
202
17
204
215
212
126
139
223
86
216
242
218
162
156
193
55
164
69
179
62
187
147
160
175
134
208
170
243
152
153
132
72
190
186
166
159
168
149
151
174
206
185
233
140
237
79
157
138
34
141
163
105
210
181
37
142
154
192
145
59
171
195
172
10
196
239
228
158
199
148
219
169
125
230
177
122
29
201
97
150
112
119
207
229
95
234
92
116
121
246
143
48
183
244
211
46
182
120
135
178
90
44
231
100
189
205
131
7
111
15
4
24
117
76
203
75
146
13
53
68
127
35
213
74
51
124
217
198
161
184
136
107
85
43
40
63
12
194
89
241
101
232
1
106
240
25
50
197
191
26
155
226
103
18
114
58
165
108
222
214
70
133
8
238
173
109
235
221
65
41
130
225
82
123
88
96
99
54
78
31
209
21
167
11
129
22
245
38
180
2
57
81
137
64
20
113
3
49
176
6
236
16
118
115
144
220
42
28
32
36
128
93
91
83
60
61
45
110
200
188
52
56
73
71
87
23
30
27
77
98
39
33
66
227
102
9
224
14
67
80
47
94
84
104
19
5
