3518
3515
3517
3516
1119
1117
1118
1120
1116
2903
2928
3007
2956
2989
2998
2918
2922
2906
3022
2948
2959
3033
2967
2908
3049
2930
2932
2980
2983
3037
2992
2958
3032
3044
2917
2996
2947
2911
2943
2954
2978
2897
2919
3004
2960
3051
2986
3017
2988
2939
3048
2962
2944
2952
2898
2910
3001
2900
2985
2909
2963
2934
3034
3012
2902
3029
3042
2973
2907
2915
2965
2941
3036
2987
2938
2950
2912
2997
2971
2975
3026
2964
2933
2984
3019
2953
3000
2924
2905
2899
2913
2966
2896
2955
2937
3052
2974
3016
2999
2951
3028
3047
2929
3025
2926
3002
2916
2982
3039
2921
2970
2927
2945
2968
3015
2949
3043
2993
2981
3013
2976
3031
3027
2969
3035
2904
2940
2990
3014
2994
3041
2936
2901
2991
3009
3011
3018
3003
3021
2925
2979
2914
2961
3006
3038
2995
2935
2920
3030
3040
3045
2942
3046
2923
3050
2931
3020
2946
3005
3010
2972
3024
3008
2977
2957
3023
2380
2435
2467
2552
2394
2378
2387
2548
2419
2438
2440
2369
2448
2395
2531
2410
2446
2428
2486
2527
2383
2385
2399
2551
2443
2503
2546
2521
2529
2430
2450
2390
2452
2366
2391
2417
2374
2432
2458
2368
2398
2535
2501
2483
2377
2549
2449
2453
2442
2403
2367
2487
2393
2478
2376
2492
2502
2462
2455
2388
2400
2508
2522
2543
2499
2422
2370
2382
2420
2406
2372
2456
2507
2436
2441
2544
2401
2371
2402
2381
2437
2525
2528
2447
2373
2461
2470
2457
2505
2469
2396
2413
2408
2386
2445
2444
2464
2392
2479
2514
2411
2426
2397
2497
2490
2477
2513
2496
2550
2540
2384
2491
2409
2375
2389
2515
2485
2463
2511
2379
2516
2404
2416
2425
2473
2506
2533
2471
2421
2418
2468
2405
2484
2465
2494
2414
2433
2534
2520
2451
2429
2539
2427
2434
2524
2542
2493
2512
2532
2518
2439
2459
2475
2489
2495
2519
2423
2407
2523
2538
2472
2547
2510
2415
2498
2509
2488
2466
2412
2536
2424
2481
2431
2541
2454
2482
2460
2500
2545
2476
2480
2504
2526
2530
2474
2050
2049
2081
2039
2078
2075
2065
2048
2066
2058
2053
2057
2059
2047
2070
2064
2042
2063
2051
2073
2054
2079
2074
2055
2045
2062
2043
2041
2083
2044
2060
2068
2046
2069
2056
2082
2067
2040
2080
2052
2072
2076
2061
2071
2077
3378
3375
3364
3357
3342
3406
3411
3392
3402
3416
3353
3343
3331
3329
3351
3328
3399
3348
3424
3362
3337
3420
3339
3380
3376
3332
3371
3422
3426
3396
3372
3374
3333
3390
3358
3366
3335
3383
3363
3344
3410
3423
3386
3404
3409
3334
3336
3325
3354
3360
3352
3338
3370
3400
3330
3355
3365
3419
3341
3384
3367
3415
3347
3408
3413
3327
3425
3417
3394
3412
3361
3393
3345
3350
3391
3398
3349
3379
3340
3369
3382
3388
3381
3427
3421
3373
3395
3385
3414
3326
3418
3401
3368
3377
3356
3359
3407
3387
3403
3389
3346
3405
3397
1759
1801
1675
1660
1673
1825
1661
1788
1778
1776
1754
1711
1655
1671
1813
1680
1653
1697
1761
1835
1686
1663
1753
1741
1765
1725
1683
1797
1685
1688
1701
1817
1827
1747
1823
1658
1740
1789
1726
1745
1700
1807
1738
1708
1696
1659
1667
1666
1668
1768
1786
1728
1767
1672
1665
1710
1669
1676
1678
1779
1803
1654
1689
1734
1757
1727
1679
1713
1756
1750
1833
1723
1717
1657
1662
1799
1787
1821
1690
1699
1832
1755
1748
1804
1718
1691
1774
1707
1773
1721
1834
1736
1716
1674
1682
1687
1664
1677
1702
1703
1785
1829
1798
1820
1769
1695
1670
1656
1805
1800
1828
1722
1720
1709
1826
1733
1811
1819
1793
1766
1684
1758
1729
1735
1772
1791
1746
1824
1731
1795
1775
1744
1812
1815
1796
1698
1706
1743
1781
1790
1693
1809
1737
1818
1694
1705
1830
1739
1816
1783
1751
1782
1814
1742
1763
1681
1777
1762
1724
1719
1822
1771
1831
1806
1792
1802
1770
1784
1715
1810
1704
1749
1794
1752
1808
1760
1764
1692
1714
1732
1712
1780
1730
1358
1355
1375
1372
1362
1373
1377
1356
1357
1388
1366
1386
1368
1390
1365
1354
1364
1371
1381
1392
1382
1387
1350
1379
1361
1363
1378
1383
1360
1351
1352
1384
1359
1353
1370
1380
1374
1376
1367
1385
1369
1389
1391
2537
2517
