3512
3511
3514
3510
3513
1115
1112
1114
1113
1111
3112
3096
3059
3073
3117
3069
3102
3075
3078
3079
3135
3127
3080
3054
3061
3068
3129
3119
3070
3155
3086
3113
3062
3072
3067
3137
3109
3081
3090
3105
3121
3077
3091
3087
3093
3076
3114
3097
3085
3055
3115
3060
3120
3074
3084
3108
3089
3136
3148
3094
3142
3107
3100
3064
3071
3154
3131
3138
3088
3150
3066
3140
3098
3134
3111
3132
3058
3104
3122
3056
3092
3145
3095
3065
3116
3063
3141
3152
3106
3110
3144
3082
3147
3123
3057
3149
3139
3103
3146
3133
3101
3128
3124
3130
3143
3099
3153
3083
3125
3126
3118
3151
2565
2577
2597
2642
2571
2567
2627
2618
2658
2574
2566
2598
2584
2563
2557
2651
2654
2606
2668
2678
2589
2559
2633
2667
2575
2602
2647
2657
2674
2607
2601
2590
2556
2677
2562
2595
2659
2671
2594
2564
2653
2591
2569
2626
2640
2580
2558
2679
2600
2617
2614
2572
2609
2672
2555
2643
2632
2554
2568
2629
2588
2631
2620
2675
2581
2599
2622
2603
2561
2613
2582
2656
2587
2573
2625
2605
2652
2560
2646
2583
2628
2666
2639
2624
2596
2610
2570
2649
2660
2585
2665
2676
2604
2645
2578
2635
2586
2619
2592
2576
2670
2611
2664
2634
2621
2615
2623
2650
2593
2630
2641
2612
2608
2673
2638
2644
2655
2616
2636
2661
2637
2662
2663
2579
2648
2669
2107
2098
2094
2104
2102
2092
2105
2097
2085
2090
2101
2106
2096
2088
2099
2089
2108
2103
2086
2093
2087
2095
2091
2100
3448
3459
3499
3454
3503
3481
3457
3455
3465
3487
3444
3495
3438
3492
3449
3433
3471
3436
3463
3467
3450
3447
3440
3501
3478
3453
3442
3445
3482
3462
3437
3430
3472
3456
3443
3490
3432
3461
3488
3483
3439
3496
3464
3502
3473
3497
3429
3460
3435
3480
3446
3479
3491
3441
3475
3458
3493
3469
3451
3494
3431
3476
3434
3468
3489
3498
3466
3486
3474
3500
3477
3452
3470
3484
3485
1875
1858
1928
1886
1902
1910
1847
1869
1843
1932
1871
1862
1851
1863
1905
1837
1855
1850
1954
1908
1938
1919
1963
1845
1864
1931
1841
1861
1890
1957
1852
1923
1885
1854
1872
1887
1906
1866
1946
1856
1889
1857
1867
1951
1935
1865
1840
1839
1964
1859
1945
1936
1941
1959
1950
1907
1891
1955
1943
1884
1853
1930
1899
1878
1876
1917
1942
1912
1882
1842
1897
1870
1900
1937
1849
1883
1838
1896
1848
1911
1860
1961
1879
1888
1952
1903
1927
1958
1881
1901
1873
1898
1929
1874
1868
1892
1947
1962
1844
1926
1893
1921
1895
1909
1944
1913
1846
1915
1949
1904
1939
1922
1933
1956
1925
1914
1934
1916
1894
1880
1877
1924
1920
1960
1953
1948
1940
1918
