3506
3505
3507
3508
3509
1110
1109
1107
1108
1106
2762
2720
2683
2889
2874
2713
2736
2728
2730
2699
2737
2783
2692
2848
2777
2838
2693
2687
2751
2894
2703
2735
2702
2694
2788
2793
2691
2727
2767
2832
2877
2681
2873
2701
2824
2861
2712
2803
2784
2749
2841
2710
2834
2888
2870
2862
2839
2686
2844
2684
2734
2809
2726
2787
2758
2731
2746
2742
2723
2698
2830
2706
2776
2843
2801
2718
2808
2695
2852
2704
2717
2796
2846
2680
2748
2711
2768
2782
2823
2860
2774
2755
2812
2688
2689
2719
2863
2745
2733
2772
2871
2766
2829
2708
2837
2763
2724
2773
2709
2696
2795
2716
2732
2876
2754
2697
2690
2854
2805
2729
2747
2759
2770
2826
2885
2722
2855
2827
2845
2802
2744
2865
2892
2850
2741
2725
2760
2825
2705
2721
2799
2714
2700
2807
2868
2828
2859
2886
2893
2879
2869
2847
2798
2707
2750
2810
2761
2685
2891
2833
2840
2752
2821
2765
2813
2738
2884
2682
2819
2740
2866
2790
2817
2806
2811
2715
2756
2786
2890
2743
2778
2769
2858
2853
2800
2779
2872
2794
2771
2764
2816
2814
2878
2887
2864
2757
2739
2831
2856
2875
2789
2753
2820
2857
2842
2882
2791
2851
2835
2818
2804
2867
2881
2849
2775
2781
2822
2883
2815
2785
2797
2780
2836
2880
2334
2134
2208
2236
2110
2115
2360
2278
2135
2318
2113
2143
2308
2238
2183
2193
2206
2356
2285
2262
2194
2271
2228
2154
2261
2290
2186
2129
2220
2112
2270
2364
2111
2124
2171
2136
2276
2255
2146
2214
2339
2218
2330
2123
2297
2263
2354
2116
2335
2141
2343
2197
2246
2148
2225
2300
2114
2362
2267
2319
2326
2127
2266
2314
2200
2336
2247
2178
2191
2321
2357
2205
2313
2198
2289
2320
2142
2164
2165
2152
2151
2333
2122
2109
2221
2361
2128
2241
2118
2310
2352
2329
2230
2173
2232
2153
2189
2177
2170
2161
2251
2229
2244
2167
2311
2121
2163
2131
2138
2355
2211
2130
2344
2179
2150
2273
2264
2299
2132
2195
2160
2283
2257
2275
2315
2260
2288
2133
2166
2155
2358
2307
2265
2331
2217
2322
2204
2207
2242
2188
2125
2196
2237
2159
2156
2169
2174
2140
2162
2280
2305
2351
2227
2243
2292
2175
2340
2269
2181
2192
2199
2139
2281
2338
2126
2284
2327
2201
2202
2203
2157
2363
2182
2176
2149
2277
2180
2239
2350
2332
2168
2359
2312
2212
2240
2268
2256
2226
2145
2293
2137
2223
2294
2250
2301
2324
2279
2187
2209
2272
2252
2291
2144
2345
2120
2215
2254
2347
2117
2287
2119
2172
2222
2185
2249
2317
2286
2302
2258
2295
2224
2348
2328
2353
2234
2303
2282
2245
2325
2309
2346
2296
2349
2248
2147
2235
2259
2184
2323
2210
2306
2298
2231
2216
2158
2337
2342
2274
2190
2233
2213
2253
2013
1999
1984
2002
1967
2035
1966
1979
2032
1982
1977
2023
1972
1976
2016
2015
1997
1975
2000
1996
1980
1994
1990
1988
1993
1968
2017
2003
1969
1985
1989
1983
1978
1970
2036
2029
2030
2012
2021
2006
1971
2037
1973
2031
1998
2020
2010
1965
2008
1992
1991
2024
1981
2009
2011
2033
2022
2028
2001
1995
2034
1974
2019
1987
1986
2007
2005
2026
2027
2025
2018
2014
2004
3305
3207
3267
3175
3257
3221
3303
3236
3164
3238
3178
3246
3188
3203
3159
3211
3217
3198
3168
3323
3227
3161
3199
3291
3242
3209
3245
3182
3156
3183
3193
3197
3171
3250
3275
3243
3269
3174
3181
3234
3322
3318
3160
3313
3157
3205
3287
3179
3165
3239
3274
3286
3260
3169
3240
3176
3316
3170
3253
3218
3208
3196
3281
3295
3186
3225
3283
3172
3279
3177
3256
3158
3167
3288
3310
3202
3285
3300
3194
3163
3166
3216
3271
3312
3251
3212
3272
3185
3200
3214
3192
3223
3307
3280
3319
3294
3270
3187
3266
3278
3201
3306
3263
3191
3276
3231
3233
3299
3254
3304
3226
3262
3249
3230
3204
3229
3308
3232
3248
3296
3241
3265
3189
3195
3252
3292
3258
3219
3180
3298
3320
3162
3311
3190
3282
3228
3317
3247
3224
3302
3235
3268
3210
3273
3301
3184
3173
3220
3222
3237
3264
3277
3206
3297
3284
3315
3213
3259
3321
3289
3314
3290
3261
3255
3309
3293
3244
1479
1628
1461
1395
1614
1647
1493
1398
1565
1603
1513
1408
1502
1413
1559
1601
1422
1605
1444
1535
1512
1417
1467
1483
1591
1625
1520
1423
1521
1406
1645
1561
1485
1648
1486
1487
1556
1410
1401
1500
1527
1585
1436
1511
1481
1568
1637
1600
1457
1404
1399
1432
1536
1400
1470
1651
1460
1595
1442
1480
1531
1636
1607
1549
1471
1515
1484
1602
1537
1572
1396
1416
1610
1419
1548
1491
1438
1425
1542
1635
1642
1418
1394
1412
1620
1505
1497
1447
1557
1569
1476
1409
1564
1551
1574
1618
1509
1433
1468
1407
1514
1441
1547
1403
1443
1632
1608
1435
1524
1456
1530
1482
1590
1630
1424
1440
1518
1626
1594
1448
1545
1414
1411
1573
1570
1649
1553
1523
1583
1397
1517
1421
1429
1427
1541
1578
1477
1453
1599
1619
1498
1584
1525
1439
1437
1609
1644
1475
1434
1576
1454
1508
1588
1501
1516
1426
1552
1402
1596
1472
1577
1604
1606
1420
1623
1560
1592
1544
1612
1466
1589
1550
1580
1451
1415
1640
1631
1452
1528
1641
1503
1458
1575
1464
1555
1495
1613
1445
1616
1558
1533
1496
1587
1428
1650
1473
1522
1494
1554
1506
1450
1459
1643
1499
1462
1474
1629
1634
1469
1488
1624
1431
1529
1617
1405
1627
1478
1465
1490
1504
1566
1463
1586
1646
1538
1540
1615
1562
1639
1539
1598
1638
1519
1633
1563
1567
1446
1489
1611
1430
1510
1597
1593
1492
1581
1621
1532
1579
1449
1507
1534
1455
1543
1526
1571
1346
1347
1344
1335
1343
1342
1333
1345
1338
1331
1337
1329
1332
1348
1330
1341
1336
1340
1334
1339
2792
2219
2304
2316
2341
3215
1622
1582
1546
